vanishing points:
(0.000000,0.000000,1.000000,0.000000,0.000000,0.000000,0.000000)
(0.000000,0.000000,1.000000,0.000000,0.000000,0.000000,0.000000)
(0.000000,0.000000,1.000000,0.000000,0.000000,0.000000,0.000000)
reference plane homography:
1.000000,0.000000,0.000000
0.000000,1.000000,0.000000
0.000000,0.000000,1.000000
point for reference height: -1
num of points: 18
(292.500000,649.500000,1.000000,0.000000,0.000000,0.000000,0.000000)
(766.500000,648.500000,1.000000,0.000000,0.000000,0.000000,0.000000)
(288.500000,595.500000,1.000000,0.000000,0.000000,0.000000,0.000000)
(774.500000,593.500000,1.000000,0.000000,0.000000,0.000000,0.000000)
(307.500000,299.500000,1.000000,0.000000,0.000000,0.000000,0.000000)
(758.500000,301.500000,1.000000,0.000000,0.000000,0.000000,0.000000)
(256.500000,572.500000,1.000000,0.000000,0.000000,0.000000,0.000000)
(257.500000,355.500000,1.000000,0.000000,0.000000,0.000000,0.000000)
(804.500000,574.500000,1.000000,0.000000,0.000000,0.000000,0.000000)
(803.500000,356.500000,1.000000,0.000000,0.000000,0.000000,0.000000)
(485.500000,199.500000,1.000000,0.000000,0.000000,0.000000,0.000000)
(485.500000,280.500000,1.000000,0.000000,0.000000,0.000000,0.000000)
(460.500000,192.500000,1.000000,0.000000,0.000000,0.000000,0.000000)
(418.500000,122.500000,1.000000,0.000000,0.000000,0.000000,0.000000)
(608.500000,197.500000,1.000000,0.000000,0.000000,0.000000,0.000000)
(627.500000,117.500000,1.000000,0.000000,0.000000,0.000000,0.000000)
(183.500000,679.500000,1.000000,0.000000,0.000000,0.000000,0.000000)
(284.500000,598.500000,1.000000,0.000000,0.000000,0.000000,0.000000)
num of lines: 9
x: 1 2
x: 3 4
x: 5 6
y: 7 8
y: 9 10
y: 11 12
z: 13 14
z: 15 16
z: 17 18
num of polygons: 0
num of boxes: 0
0
