Threshold	FP Rate	TP Rate
0.000000	0.000000	0.000000
0.010000	0.000000	0.000000
0.019999	0.000000	0.000000
0.029999	0.000000	0.000000
0.039999	0.000000	0.000000
0.049998	0.000000	0.000000
0.059998	0.000000	0.000000
0.069998	0.000000	0.000000
0.079998	0.000000	0.000000
0.089997	0.000000	0.000000
0.099997	0.000000	0.000000
0.109997	0.000000	0.000000
0.119996	0.000000	0.000000
0.129996	0.000000	0.000000
0.139996	0.000000	0.000000
0.149995	0.000000	0.000000
0.159995	0.000000	0.000000
0.169995	0.000000	0.000000
0.179994	0.000000	0.000000
0.189994	0.000000	0.005714
0.199994	0.000000	0.005714
0.209993	0.000000	0.005714
0.219993	0.000000	0.005714
0.229993	0.000000	0.005714
0.239993	0.000000	0.005714
0.249992	0.000000	0.005714
0.259992	0.000000	0.005714
0.269992	0.000000	0.005714
0.279991	0.000000	0.005714
0.289991	0.000000	0.005714
0.299991	0.000000	0.005714
0.309990	0.000000	0.005714
0.319990	0.000000	0.005714
0.329990	0.001383	0.005714
0.339989	0.001383	0.005714
0.349989	0.001383	0.005714
0.359989	0.001383	0.005714
0.369988	0.001383	0.005714
0.379988	0.001383	0.005714
0.389988	0.001383	0.005714
0.399988	0.001383	0.011429
0.409987	0.001383	0.017143
0.419987	0.001383	0.017143
0.429987	0.002766	0.022857
0.439986	0.004149	0.028571
0.449986	0.004149	0.028571
0.459986	0.005533	0.034286
0.469985	0.006916	0.045714
0.479985	0.006916	0.045714
0.489985	0.008299	0.051429
0.499984	0.008299	0.057143
0.509984	0.011065	0.062857
0.519984	0.012448	0.068571
0.529984	0.012448	0.068571
0.539983	0.012448	0.074286
0.549983	0.015214	0.074286
0.559983	0.016598	0.085714
0.569982	0.017981	0.085714
0.579982	0.017981	0.102857
0.589982	0.020747	0.108571
0.599981	0.020747	0.125714
0.609981	0.022130	0.125714
0.619981	0.023513	0.137143
0.629980	0.027663	0.160000
0.639980	0.031812	0.194286
0.649980	0.033195	0.211429
0.659979	0.037344	0.228571
0.669979	0.041494	0.268571
0.679979	0.042877	0.302857
0.689979	0.047026	0.320000
0.699978	0.056708	0.337143
0.709978	0.062241	0.348571
0.719978	0.069156	0.388571
0.729977	0.077455	0.405714
0.739977	0.084371	0.422857
0.749977	0.094053	0.434286
0.759976	0.102351	0.457143
0.769976	0.121715	0.497143
0.779976	0.138313	0.508571
0.789975	0.156293	0.514286
0.799975	0.181189	0.542857
0.809975	0.192254	0.554286
0.819974	0.203320	0.560000
0.829974	0.218534	0.571429
0.839974	0.237898	0.611429
0.849974	0.257261	0.645714
0.859973	0.286307	0.680000
0.869973	0.311203	0.702857
0.879973	0.344398	0.708571
0.889972	0.373444	0.737143
0.899972	0.412172	0.765714
0.909972	0.457815	0.777143
0.919971	0.500692	0.805714
0.929971	0.551867	0.817143
0.939971	0.604426	0.834286
0.949970	0.656985	0.851429
0.959970	0.727524	0.885714
0.969970	0.777317	0.925714
0.979970	0.847856	0.925714
0.989969	0.922545	0.965714
0.999969	0.998617	1.000000
1.009969	1.000000	1.000000
