Threshold	FP Rate	TP Rate
0.000000	0.000000	0.000000
0.092969	0.000000	0.000000
0.185939	0.000000	0.000000
0.278908	0.000000	0.000000
0.371878	0.000000	0.000000
0.464847	0.000000	0.000000
0.557817	0.000000	0.000000
0.650786	0.000000	0.000000
0.743756	0.000000	0.000000
0.836725	0.000000	0.000000
0.929695	0.000000	0.000000
1.022664	0.000000	0.000000
1.115634	0.000000	0.000000
1.208603	0.000000	0.000000
1.301573	0.000000	0.000000
1.394542	0.000000	0.000000
1.487512	0.000000	0.000000
1.580481	0.000000	0.000000
1.673451	0.000000	0.000000
1.766420	0.000000	0.000000
1.859390	0.000000	0.000000
1.952359	0.000000	0.000000
2.045329	0.000000	0.000000
2.138298	0.001437	0.000000
2.231268	0.001437	0.000000
2.324237	0.001437	0.000000
2.417207	0.001437	0.000000
2.510176	0.001437	0.000000
2.603145	0.001437	0.004950
2.696115	0.001437	0.004950
2.789084	0.001437	0.004950
2.882054	0.002874	0.004950
2.975023	0.004310	0.004950
3.067993	0.005747	0.004950
3.160962	0.010057	0.009901
3.253932	0.012931	0.009901
3.346901	0.022989	0.009901
3.439871	0.022989	0.009901
3.532840	0.028736	0.014851
3.625810	0.030172	0.014851
3.718779	0.034483	0.014851
3.811749	0.041667	0.019802
3.904718	0.043103	0.019802
3.997688	0.047414	0.029703
4.090657	0.051724	0.039604
4.183627	0.057471	0.049505
4.276596	0.060345	0.064356
4.369566	0.063218	0.074257
4.462535	0.070402	0.074257
4.555505	0.077586	0.084158
4.648474	0.081897	0.099010
4.741444	0.093391	0.113861
4.834413	0.099138	0.128713
4.927383	0.103448	0.128713
5.020352	0.113506	0.133663
5.113322	0.120690	0.148515
5.206291	0.127874	0.158416
5.299260	0.139368	0.183168
5.392230	0.155172	0.207921
5.485199	0.170977	0.222772
5.578169	0.181034	0.237624
5.671138	0.191092	0.252475
5.764108	0.201149	0.287129
5.857077	0.216954	0.306931
5.950047	0.227011	0.336634
6.043016	0.237069	0.361386
6.135986	0.251437	0.386139
6.228955	0.265805	0.410891
6.321925	0.278736	0.440594
6.414894	0.285920	0.500000
6.507864	0.306034	0.549505
6.600833	0.326149	0.579208
6.693803	0.339080	0.603960
6.786772	0.354885	0.623762
6.879742	0.372126	0.643564
6.972711	0.392241	0.673267
7.065681	0.418103	0.688119
7.158650	0.443966	0.712871
7.251620	0.465517	0.727723
7.344589	0.489943	0.772277
7.437559	0.517241	0.797030
7.530528	0.540230	0.821782
7.623498	0.563218	0.831683
7.716467	0.593391	0.866337
7.809436	0.627874	0.896040
7.902406	0.668103	0.920792
7.995375	0.702586	0.935644
8.088345	0.732759	0.940594
8.181314	0.755747	0.955446
8.274284	0.787356	0.955446
8.367253	0.816092	0.985149
8.460223	0.843391	0.985149
8.553192	0.873563	0.990099
8.646162	0.909483	0.990099
8.739131	0.939655	0.995050
8.832101	0.958333	0.995050
8.925070	0.965517	0.995050
9.018040	0.982759	1.000000
9.111009	0.987069	1.000000
9.203979	0.992816	1.000000
9.296948	0.998563	1.000000
9.389918	1.000000	1.000000
