Threshold	FP Rate	TP Rate
0.000000	0.000000	0.000000
0.010000	0.000000	0.000000
0.020000	0.000000	0.000000
0.030000	0.000000	0.000000
0.040000	0.000000	0.000000
0.050000	0.000000	0.000000
0.060000	0.000000	0.000000
0.070000	0.000000	0.000000
0.080000	0.000000	0.000000
0.090000	0.000000	0.000000
0.100000	0.000000	0.000000
0.110000	0.000000	0.000000
0.119999	0.000000	0.000000
0.129999	0.000000	0.000000
0.139999	0.000000	0.000000
0.149999	0.000000	0.000000
0.159999	0.000000	0.000000
0.169999	0.000000	0.000000
0.179999	0.000000	0.000000
0.189999	0.000000	0.000000
0.199999	0.000000	0.000000
0.209999	0.000000	0.000000
0.219999	0.000000	0.000000
0.229999	0.000000	0.000000
0.239999	0.000000	0.000000
0.249999	0.000000	0.000000
0.259999	0.000000	0.000000
0.269999	0.000000	0.000000
0.279999	0.000000	0.000000
0.289999	0.000000	0.000000
0.299999	0.000000	0.000000
0.309999	0.000000	0.000000
0.319999	0.000000	0.000000
0.329999	0.000000	0.000000
0.339999	0.000000	0.000000
0.349998	0.000000	0.000000
0.359998	0.000000	0.000000
0.369998	0.000000	0.000000
0.379998	0.000000	0.000000
0.389998	0.000000	0.000000
0.399998	0.000000	0.000000
0.409998	0.000000	0.000000
0.419998	0.000000	0.000000
0.429998	0.000000	0.000000
0.439998	0.000000	0.000000
0.449998	0.000000	0.000000
0.459998	0.000000	0.000000
0.469998	0.000000	0.000000
0.479998	0.000000	0.000000
0.489998	0.000000	0.000000
0.499998	0.000000	0.000000
0.509998	0.000000	0.000000
0.519998	0.000000	0.000000
0.529998	0.000000	0.000000
0.539998	0.000000	0.009901
0.549998	0.000000	0.014851
0.559998	0.001437	0.019802
0.569998	0.001437	0.019802
0.579997	0.001437	0.019802
0.589997	0.001437	0.019802
0.599997	0.001437	0.029703
0.609997	0.001437	0.029703
0.619997	0.001437	0.029703
0.629997	0.001437	0.039604
0.639997	0.001437	0.054455
0.649997	0.001437	0.059406
0.659997	0.001437	0.069307
0.669997	0.001437	0.074257
0.679997	0.001437	0.089109
0.689997	0.001437	0.103960
0.699997	0.001437	0.118812
0.709997	0.001437	0.128713
0.719997	0.001437	0.153465
0.729997	0.002874	0.163366
0.739997	0.002874	0.183168
0.749997	0.005747	0.193069
0.759997	0.007184	0.207921
0.769997	0.008621	0.212871
0.779997	0.010057	0.237624
0.789997	0.011494	0.287129
0.799996	0.012931	0.311881
0.809996	0.018678	0.326733
0.819996	0.020115	0.361386
0.829996	0.024425	0.366337
0.839996	0.027299	0.405941
0.849996	0.031609	0.420792
0.859996	0.041667	0.425743
0.869996	0.054598	0.470297
0.879996	0.064655	0.495050
0.889996	0.083333	0.519802
0.899996	0.106322	0.554455
0.909996	0.123563	0.589109
0.919996	0.153736	0.633663
0.929996	0.199713	0.702970
0.939996	0.258621	0.737624
0.949996	0.314655	0.772277
0.959996	0.393678	0.851485
0.969996	0.478448	0.881188
0.979996	0.600575	0.920792
0.989996	0.784483	0.950495
0.999996	0.998563	1.000000
1.009996	1.000000	1.000000
