Threshold	FP Rate	TP Rate
0.000000	0.000000	0.000000
0.090456	0.000000	0.000000
0.180911	0.000000	0.000000
0.271367	0.000000	0.000000
0.361823	0.000000	0.000000
0.452278	0.000000	0.000000
0.542734	0.000000	0.000000
0.633190	0.000000	0.000000
0.723645	0.000000	0.000000
0.814101	0.000000	0.000000
0.904557	0.000000	0.000000
0.995012	0.000000	0.000000
1.085468	0.000000	0.000000
1.175924	0.000000	0.000000
1.266379	0.000000	0.000000
1.356835	0.000000	0.000000
1.447291	0.000000	0.000000
1.537746	0.000000	0.000000
1.628202	0.000000	0.005000
1.718658	0.000000	0.010000
1.809113	0.000000	0.010000
1.899569	0.000000	0.010000
1.990025	0.000000	0.015000
2.080480	0.000000	0.015000
2.170936	0.000000	0.015000
2.261392	0.001199	0.020000
2.351847	0.002398	0.035000
2.442303	0.002398	0.045000
2.532759	0.003597	0.055000
2.623214	0.003597	0.060000
2.713670	0.005995	0.065000
2.804126	0.005995	0.065000
2.894581	0.005995	0.075000
2.985037	0.007194	0.095000
3.075493	0.009592	0.105000
3.165948	0.009592	0.115000
3.256404	0.013189	0.140000
3.346860	0.014388	0.150000
3.437315	0.017986	0.150000
3.527771	0.020384	0.165000
3.618227	0.031175	0.180000
3.708682	0.037170	0.195000
3.799138	0.046763	0.210000
3.889594	0.053957	0.235000
3.980049	0.063549	0.240000
4.070505	0.076739	0.255000
4.160961	0.086331	0.275000
4.251416	0.095923	0.295000
4.341872	0.106715	0.300000
4.432328	0.113909	0.315000
4.522783	0.124700	0.335000
4.613239	0.136691	0.345000
4.703695	0.151079	0.355000
4.794150	0.155875	0.380000
4.884606	0.175060	0.390000
4.975062	0.188249	0.410000
5.065517	0.199041	0.425000
5.155973	0.215827	0.440000
5.246429	0.236211	0.465000
5.336884	0.262590	0.485000
5.427340	0.274580	0.500000
5.517796	0.294964	0.525000
5.608251	0.320144	0.545000
5.698707	0.335731	0.575000
5.789163	0.350120	0.595000
5.879618	0.363309	0.620000
5.970074	0.382494	0.650000
6.060530	0.401679	0.680000
6.150985	0.425659	0.690000
6.241441	0.446043	0.705000
6.331897	0.460432	0.735000
6.422352	0.480815	0.770000
6.512808	0.507194	0.785000
6.603264	0.539568	0.805000
6.693719	0.563549	0.835000
6.784175	0.603118	0.850000
6.874631	0.636691	0.860000
6.965086	0.672662	0.875000
7.055542	0.701439	0.885000
7.145998	0.715827	0.895000
7.236453	0.748201	0.910000
7.326909	0.770983	0.935000
7.417365	0.787770	0.950000
7.507820	0.809353	0.960000
7.598276	0.834532	0.970000
7.688732	0.848921	0.995000
7.779187	0.869305	0.995000
7.869643	0.890887	0.995000
7.960099	0.907674	0.995000
8.050554	0.917266	0.995000
8.141010	0.937650	0.995000
8.231466	0.947242	0.995000
8.321921	0.960432	0.995000
8.412377	0.974820	0.995000
8.502833	0.982014	0.995000
8.593288	0.989209	1.000000
8.683744	0.992806	1.000000
8.774200	0.994005	1.000000
8.864655	0.996403	1.000000
8.955111	0.997602	1.000000
9.045567	0.998801	1.000000
9.136022	1.000000	1.000000
