Threshold	FP Rate	TP Rate
0.000000	0.000000	0.000000
0.010000	0.000000	0.000000
0.019999	0.000000	0.000000
0.029999	0.000000	0.000000
0.039999	0.000000	0.000000
0.049998	0.000000	0.000000
0.059998	0.000000	0.000000
0.069998	0.000000	0.000000
0.079998	0.000000	0.000000
0.089997	0.000000	0.000000
0.099997	0.000000	0.000000
0.109997	0.000000	0.000000
0.119996	0.000000	0.000000
0.129996	0.000000	0.000000
0.139996	0.000000	0.000000
0.149995	0.000000	0.000000
0.159995	0.000000	0.000000
0.169995	0.000000	0.000000
0.179994	0.000000	0.000000
0.189994	0.000000	0.005000
0.199994	0.000000	0.005000
0.209993	0.000000	0.005000
0.219993	0.000000	0.005000
0.229993	0.000000	0.005000
0.239993	0.000000	0.005000
0.249992	0.000000	0.005000
0.259992	0.000000	0.005000
0.269992	0.000000	0.005000
0.279991	0.000000	0.005000
0.289991	0.000000	0.005000
0.299991	0.000000	0.005000
0.309990	0.000000	0.005000
0.319990	0.000000	0.005000
0.329990	0.001199	0.005000
0.339989	0.001199	0.005000
0.349989	0.001199	0.005000
0.359989	0.001199	0.005000
0.369988	0.001199	0.005000
0.379988	0.001199	0.005000
0.389988	0.001199	0.005000
0.399988	0.001199	0.010000
0.409987	0.001199	0.015000
0.419987	0.001199	0.015000
0.429987	0.001199	0.020000
0.439986	0.003597	0.020000
0.449986	0.003597	0.020000
0.459986	0.004796	0.020000
0.469985	0.005995	0.025000
0.479985	0.007194	0.030000
0.489985	0.008393	0.035000
0.499984	0.008393	0.035000
0.509984	0.010791	0.040000
0.519984	0.010791	0.045000
0.529984	0.010791	0.050000
0.539983	0.010791	0.055000
0.549983	0.013189	0.060000
0.559983	0.015588	0.070000
0.569982	0.015588	0.075000
0.579982	0.016787	0.085000
0.589982	0.019185	0.095000
0.599981	0.019185	0.110000
0.609981	0.019185	0.115000
0.619981	0.020384	0.125000
0.629980	0.023981	0.160000
0.639980	0.026379	0.190000
0.649980	0.027578	0.200000
0.659979	0.031175	0.215000
0.669979	0.037170	0.240000
0.679979	0.039568	0.275000
0.689979	0.044365	0.295000
0.699978	0.053957	0.310000
0.709978	0.059952	0.320000
0.719978	0.069544	0.355000
0.729977	0.074341	0.380000
0.739977	0.080336	0.410000
0.749977	0.094724	0.415000
0.759976	0.100719	0.415000
0.769976	0.113909	0.440000
0.779976	0.133094	0.445000
0.789975	0.146283	0.460000
0.799975	0.171463	0.495000
0.809975	0.183453	0.505000
0.819974	0.199041	0.515000
0.829974	0.209832	0.535000
0.839974	0.230216	0.575000
0.849974	0.245803	0.615000
0.859973	0.269784	0.650000
0.869973	0.288969	0.665000
0.879973	0.317746	0.680000
0.889972	0.344125	0.715000
0.899972	0.384892	0.745000
0.909972	0.423261	0.755000
0.919971	0.471223	0.780000
0.929971	0.528777	0.800000
0.939971	0.569544	0.830000
0.949970	0.623501	0.845000
0.959970	0.699041	0.885000
0.969970	0.745803	0.920000
0.979970	0.822542	0.925000
0.989969	0.911271	0.965000
0.999969	1.000000	1.000000
1.009969	1.000000	1.000000
