Threshold	FP Rate	TP Rate
0.000000	0.000000	0.000000
0.013606	0.000000	0.000000
0.027213	0.000000	0.000000
0.040819	0.000000	0.000000
0.054426	0.000000	0.000000
0.068032	0.000000	0.005000
0.081639	0.000000	0.005000
0.095245	0.001199	0.015000
0.108852	0.001199	0.015000
0.122458	0.002398	0.050000
0.136065	0.004796	0.075000
0.149671	0.007194	0.085000
0.163278	0.009592	0.115000
0.176884	0.017986	0.140000
0.190490	0.023981	0.160000
0.204097	0.032374	0.195000
0.217703	0.041966	0.230000
0.231310	0.057554	0.260000
0.244916	0.077938	0.290000
0.258523	0.100719	0.320000
0.272129	0.117506	0.340000
0.285736	0.142686	0.370000
0.299342	0.157074	0.430000
0.312949	0.185851	0.480000
0.326555	0.211031	0.515000
0.340162	0.248201	0.545000
0.353768	0.275779	0.580000
0.367374	0.321343	0.600000
0.380981	0.348921	0.640000
0.394587	0.376499	0.675000
0.408194	0.416067	0.705000
0.421800	0.453237	0.715000
0.435407	0.479616	0.715000
0.449013	0.522782	0.740000
0.462620	0.543165	0.785000
0.476226	0.564748	0.815000
0.489833	0.600719	0.820000
0.503439	0.629496	0.830000
0.517046	0.652278	0.855000
0.530652	0.665468	0.870000
0.544258	0.688249	0.875000
0.557865	0.711031	0.880000
0.571471	0.738609	0.890000
0.585078	0.760192	0.895000
0.598684	0.769784	0.910000
0.612291	0.785372	0.915000
0.625897	0.809353	0.930000
0.639504	0.830935	0.940000
0.653110	0.844125	0.955000
0.666717	0.860911	0.970000
0.680323	0.883693	0.975000
0.693930	0.893285	0.980000
0.707536	0.905276	0.980000
0.721142	0.916067	0.980000
0.734749	0.929257	0.985000
0.748355	0.936451	0.990000
0.761962	0.942446	0.995000
0.775568	0.946043	0.995000
0.789175	0.952038	0.995000
0.802781	0.960432	0.995000
0.816388	0.966427	0.995000
0.829994	0.967626	0.995000
0.843601	0.972422	0.995000
0.857207	0.973621	0.995000
0.870814	0.977218	0.995000
0.884420	0.977218	0.995000
0.898026	0.980815	0.995000
0.911633	0.983213	0.995000
0.925239	0.984412	1.000000
0.938846	0.985612	1.000000
0.952452	0.986811	1.000000
0.966059	0.988010	1.000000
0.979665	0.989209	1.000000
0.993272	0.989209	1.000000
1.006878	0.990408	1.000000
1.020485	0.992806	1.000000
1.034091	0.994005	1.000000
1.047698	0.994005	1.000000
1.061304	0.995204	1.000000
1.074910	0.995204	1.000000
1.088517	0.995204	1.000000
1.102123	0.995204	1.000000
1.115730	0.995204	1.000000
1.129336	0.995204	1.000000
1.142943	0.995204	1.000000
1.156549	0.996403	1.000000
1.170156	0.996403	1.000000
1.183762	0.996403	1.000000
1.197369	0.996403	1.000000
1.210975	0.996403	1.000000
1.224582	0.996403	1.000000
1.238188	0.997602	1.000000
1.251794	0.997602	1.000000
1.265401	0.997602	1.000000
1.279007	0.997602	1.000000
1.292614	0.997602	1.000000
1.306220	0.998801	1.000000
1.319827	0.998801	1.000000
1.333433	0.998801	1.000000
1.347040	0.998801	1.000000
1.360646	0.998801	1.000000
1.374253	1.000000	1.000000
