Threshold	FP Rate	TP Rate
0.000000	0.000000	0.000000
0.013606	0.000000	0.000000
0.027213	0.000000	0.000000
0.040819	0.000000	0.000000
0.054426	0.000000	0.000000
0.068032	0.000000	0.005714
0.081639	0.000000	0.005714
0.095245	0.000000	0.017143
0.108852	0.000000	0.017143
0.122458	0.001383	0.057143
0.136065	0.002766	0.080000
0.149671	0.004149	0.091429
0.163278	0.005533	0.120000
0.176884	0.013831	0.142857
0.190490	0.020747	0.160000
0.204097	0.029046	0.188571
0.217703	0.034578	0.217143
0.231310	0.052559	0.251429
0.244916	0.069156	0.280000
0.258523	0.091286	0.308571
0.272129	0.103734	0.337143
0.285736	0.127248	0.377143
0.299342	0.139696	0.428571
0.312949	0.171508	0.480000
0.326555	0.189488	0.508571
0.340162	0.221300	0.537143
0.353768	0.250346	0.560000
0.367374	0.294606	0.582857
0.380981	0.322268	0.628571
0.394587	0.348548	0.657143
0.408194	0.388658	0.674286
0.421800	0.427386	0.685714
0.435407	0.457815	0.685714
0.449013	0.503458	0.720000
0.462620	0.525588	0.771429
0.476226	0.550484	0.800000
0.489833	0.587828	0.800000
0.503439	0.614108	0.811429
0.517046	0.639004	0.834286
0.530652	0.650069	0.857143
0.544258	0.673582	0.862857
0.557865	0.698479	0.868571
0.571471	0.720609	0.880000
0.585078	0.741355	0.885714
0.598684	0.749654	0.902857
0.612291	0.767635	0.902857
0.625897	0.792531	0.920000
0.639504	0.809129	0.931429
0.653110	0.825726	0.948571
0.666717	0.840941	0.965714
0.680323	0.867220	0.971429
0.693930	0.879668	0.977143
0.707536	0.894882	0.977143
0.721142	0.911480	0.977143
0.734749	0.923928	0.982857
0.748355	0.933610	0.988571
0.761962	0.939142	0.994286
0.775568	0.941909	0.994286
0.789175	0.951591	0.994286
0.802781	0.958506	0.994286
0.816388	0.965422	0.994286
0.829994	0.966805	0.994286
0.843601	0.970954	0.994286
0.857207	0.973721	0.994286
0.870814	0.976487	0.994286
0.884420	0.976487	0.994286
0.898026	0.982019	0.994286
0.911633	0.983402	0.994286
0.925239	0.984786	1.000000
0.938846	0.986169	1.000000
0.952452	0.987552	1.000000
0.966059	0.988935	1.000000
0.979665	0.988935	1.000000
0.993272	0.988935	1.000000
1.006878	0.990318	1.000000
1.020485	0.991701	1.000000
1.034091	0.993084	1.000000
1.047698	0.993084	1.000000
1.061304	0.994467	1.000000
1.074910	0.994467	1.000000
1.088517	0.994467	1.000000
1.102123	0.994467	1.000000
1.115730	0.994467	1.000000
1.129336	0.994467	1.000000
1.142943	0.994467	1.000000
1.156549	0.995851	1.000000
1.170156	0.995851	1.000000
1.183762	0.995851	1.000000
1.197369	0.995851	1.000000
1.210975	0.995851	1.000000
1.224582	0.995851	1.000000
1.238188	0.997234	1.000000
1.251794	0.997234	1.000000
1.265401	0.997234	1.000000
1.279007	0.997234	1.000000
1.292614	0.997234	1.000000
1.306220	0.998617	1.000000
1.319827	0.998617	1.000000
1.333433	0.998617	1.000000
1.347040	0.998617	1.000000
1.360646	0.998617	1.000000
1.374253	1.000000	1.000000
