Threshold	FP Rate	TP Rate
0.000000	0.000000	0.000000
0.010000	0.000000	0.000000
0.020000	0.000000	0.000000
0.030000	0.000000	0.000000
0.040000	0.000000	0.000000
0.050000	0.000000	0.000000
0.060000	0.000000	0.000000
0.070000	0.000000	0.000000
0.080000	0.000000	0.000000
0.090000	0.000000	0.000000
0.100000	0.000000	0.000000
0.109999	0.000000	0.000000
0.119999	0.000000	0.000000
0.129999	0.000000	0.000000
0.139999	0.000000	0.000000
0.149999	0.000000	0.000000
0.159999	0.000000	0.000000
0.169999	0.000000	0.000000
0.179999	0.000000	0.000000
0.189999	0.000000	0.000000
0.199999	0.000000	0.000000
0.209999	0.000000	0.000000
0.219999	0.000000	0.000000
0.229999	0.000000	0.000000
0.239999	0.000000	0.000000
0.249999	0.000000	0.000000
0.259999	0.000000	0.000000
0.269999	0.000000	0.000000
0.279999	0.000000	0.000000
0.289999	0.000000	0.000000
0.299999	0.000000	0.000000
0.309998	0.000000	0.000000
0.319998	0.000000	0.000000
0.329998	0.000000	0.005000
0.339998	0.000000	0.005000
0.349998	0.000000	0.005000
0.359998	0.000000	0.005000
0.369998	0.000000	0.005000
0.379998	0.000000	0.005000
0.389998	0.000000	0.010000
0.399998	0.000000	0.010000
0.409998	0.000000	0.010000
0.419998	0.000000	0.010000
0.429998	0.000000	0.015000
0.439998	0.000000	0.020000
0.449998	0.000000	0.020000
0.459998	0.000000	0.025000
0.469998	0.000000	0.045000
0.479998	0.000000	0.055000
0.489998	0.000000	0.055000
0.499998	0.000000	0.055000
0.509997	0.000000	0.065000
0.519997	0.000000	0.075000
0.529997	0.000000	0.075000
0.539997	0.000000	0.085000
0.549997	0.000000	0.100000
0.559997	0.000000	0.105000
0.569997	0.000000	0.115000
0.579997	0.001199	0.125000
0.589997	0.001199	0.145000
0.599997	0.001199	0.145000
0.609997	0.002398	0.160000
0.619997	0.002398	0.170000
0.629997	0.002398	0.180000
0.639997	0.003597	0.195000
0.649997	0.005995	0.215000
0.659997	0.005995	0.220000
0.669997	0.007194	0.240000
0.679997	0.007194	0.245000
0.689997	0.007194	0.250000
0.699997	0.010791	0.275000
0.709996	0.010791	0.280000
0.719996	0.011990	0.280000
0.729996	0.015588	0.315000
0.739996	0.019185	0.340000
0.749996	0.020384	0.345000
0.759996	0.021583	0.365000
0.769996	0.023981	0.405000
0.779996	0.031175	0.410000
0.789996	0.033573	0.435000
0.799996	0.041966	0.440000
0.809996	0.044365	0.440000
0.819996	0.051559	0.455000
0.829996	0.063549	0.490000
0.839996	0.069544	0.500000
0.849996	0.079137	0.525000
0.859996	0.092326	0.570000
0.869996	0.109113	0.595000
0.879996	0.125899	0.625000
0.889996	0.143885	0.625000
0.899996	0.160671	0.660000
0.909995	0.195444	0.705000
0.919995	0.226619	0.725000
0.929995	0.267386	0.765000
0.939995	0.308153	0.780000
0.949995	0.353717	0.820000
0.959995	0.448441	0.850000
0.969995	0.541966	0.875000
0.979995	0.664269	0.910000
0.989995	0.822542	0.950000
0.999995	0.998801	1.000000
1.009995	1.000000	1.000000
