vanishing points:
(-373.000688,397.038767,1.000000,1000.000000,0.000000,0.000000,1.000000)
(723.871781,415.886673,1.000000,0.000000,1000.000000,0.000000,1.000000)
(198.459538,-746.647353,1.000000,0.000000,0.000000,1000.000000,1.000000)
reference plane homography:
-0.207040,0.537087,0.675879
0.303217,0.294813,0.181632
0.001081,0.000878,0.003493
point for reference height: 0
num of points: 23
(193.500000,188.000000,1.000000,0.000000,0.000000,1.000000,1.000000)
(184.500000,143.000000,1.000000,1.000000,1.000000,0.000000,1.000000)
(277.500000,109.000000,1.000000,0.000000,1.000000,0.000000,1.000000)
(193.500000,52.000000,1.000000,0.000000,0.000000,0.000000,1.000000)
(102.500000,106.000000,1.000000,1.000000,0.000000,0.000000,1.000000)
(88.500000,225.000000,1.000000,0.000000,0.000000,0.000000,0.000000)
(193.500000,187.000000,1.000000,0.000000,0.000000,0.000000,0.000000)
(97.500000,142.000000,1.000000,0.000000,0.000000,0.000000,0.000000)
(194.500000,89.000000,1.000000,0.000000,0.000000,0.000000,0.000000)
(159.500000,248.000000,1.000000,0.000000,0.000000,0.000000,0.000000)
(264.500000,218.000000,1.000000,0.000000,0.000000,0.000000,0.000000)
(289.500000,228.000000,1.000000,0.000000,0.000000,0.000000,0.000000)
(195.500000,189.000000,1.000000,0.000000,0.000000,0.000000,0.000000)
(279.500000,143.000000,1.000000,0.000000,0.000000,0.000000,0.000000)
(197.500000,92.000000,1.000000,0.000000,0.000000,0.000000,0.000000)
(214.500000,249.000000,1.000000,0.000000,0.000000,0.000000,0.000000)
(119.500000,217.000000,1.000000,0.000000,0.000000,0.000000,0.000000)
(116.500000,216.000000,1.000000,0.000000,0.000000,0.000000,0.000000)
(127.500000,90.000000,1.000000,0.000000,0.000000,0.000000,0.000000)
(194.500000,187.000000,1.000000,0.000000,0.000000,0.000000,0.000000)
(194.500000,57.000000,1.000000,0.000000,0.000000,0.000000,0.000000)
(263.500000,219.000000,1.000000,0.000000,0.000000,0.000000,0.000000)
(255.500000,96.000000,1.000000,0.000000,0.000000,0.000000,0.000000)
num of lines: 9
x: 6 7
x: 8 9
x: 10 11
y: 12 13
y: 14 15
y: 16 17
z: 18 19
z: 20 21
z: 22 23
num of polygons: 0
num of boxes: 0
0
