vanishing points:
(5230.216786,627.706093,1.000000,1000.000000,0.000000,0.000000,1.000000)
(444.898779,-6606.082813,1.000000,0.000000,1000.000000,0.000000,1.000000)
(490.481937,587.931280,1.000000,0.000000,0.000000,1000.000000,1.000000)
reference plane homography:
1.000000,0.000000,0.000000
0.000000,1.000000,0.000000
0.000000,0.000000,1.000000
point for reference height: -1
num of points: 18
(176.500000,664.500000,1.000000,0.000000,0.000000,0.000000,0.000000)
(296.500000,664.500000,1.000000,0.000000,0.000000,0.000000,0.000000)
(416.500000,576.500000,1.000000,0.000000,0.000000,0.000000,0.000000)
(601.500000,577.500000,1.000000,0.000000,0.000000,0.000000,0.000000)
(449.500000,451.500000,1.000000,0.000000,0.000000,0.000000,0.000000)
(569.500000,456.500000,1.000000,0.000000,0.000000,0.000000,0.000000)
(446.500000,609.500000,1.000000,0.000000,0.000000,0.000000,0.000000)
(446.500000,512.500000,1.000000,0.000000,0.000000,0.000000,0.000000)
(837.500000,657.500000,1.000000,0.000000,0.000000,0.000000,0.000000)
(826.500000,455.500000,1.000000,0.000000,0.000000,0.000000,0.000000)
(893.500000,662.500000,1.000000,0.000000,0.000000,0.000000,0.000000)
(878.500000,418.500000,1.000000,0.000000,0.000000,0.000000,0.000000)
(490.500000,302.500000,1.000000,0.000000,0.000000,0.000000,0.000000)
(490.500000,406.500000,1.000000,0.000000,0.000000,0.000000,0.000000)
(825.500000,398.500000,1.000000,0.000000,0.000000,0.000000,0.000000)
(917.500000,346.500000,1.000000,0.000000,0.000000,0.000000,0.000000)
(176.500000,666.500000,1.000000,0.000000,0.000000,0.000000,0.000000)
(84.500000,689.500000,1.000000,0.000000,0.000000,0.000000,0.000000)
num of lines: 9
x: 1 2
x: 3 4
x: 5 6
y: 7 8
y: 9 10
y: 11 12
z: 13 14
z: 15 16
z: 17 18
num of polygons: 0
num of boxes: 0
0
