vanishing points:
(5230.216786,627.706093,1.000000,1000.000000,0.000000,0.000000,1.000000)
(444.898779,-6606.082813,1.000000,0.000000,1000.000000,0.000000,1.000000)
(490.481937,587.931280,1.000000,0.000000,0.000000,1000.000000,1.000000)
reference plane homography:
0.000683,0.461053,-0.458579
0.000563,0.538711,-0.535652
0.000001,0.001107,-0.001101
point for reference height: 21
num of points: 32
(176.500000,664.500000,1.000000,0.000000,0.000000,0.000000,0.000000)
(296.500000,664.500000,1.000000,0.000000,0.000000,0.000000,0.000000)
(416.500000,576.500000,1.000000,0.000000,0.000000,0.000000,0.000000)
(601.500000,577.500000,1.000000,0.000000,0.000000,0.000000,0.000000)
(449.500000,451.500000,1.000000,0.000000,0.000000,0.000000,0.000000)
(569.500000,456.500000,1.000000,0.000000,0.000000,0.000000,0.000000)
(446.500000,609.500000,1.000000,0.000000,0.000000,0.000000,0.000000)
(446.500000,512.500000,1.000000,1.000000,1.000000,0.000000,1.000000)
(837.500000,657.500000,1.000000,0.000000,0.000000,0.000000,0.000000)
(826.500000,455.500000,1.000000,0.000000,0.000000,0.000000,0.000000)
(893.500000,662.500000,1.000000,0.000000,0.000000,0.000000,0.000000)
(878.500000,418.500000,1.000000,0.000000,0.000000,0.000000,0.000000)
(490.500000,302.500000,1.000000,0.000000,0.000000,0.000000,0.000000)
(490.500000,406.500000,1.000000,0.000000,0.000000,0.000000,0.000000)
(825.500000,398.500000,1.000000,0.000000,0.000000,0.000000,0.000000)
(917.500000,346.500000,1.000000,0.000000,0.000000,0.000000,0.000000)
(176.500000,666.500000,1.000000,0.000000,0.000000,0.000000,0.000000)
(84.500000,689.500000,1.000000,0.000000,0.000000,0.000000,0.000000)
(416.500000,486.500000,1.000000,0.000000,0.000000,0.000000,1.000000)
(417.500000,516.500000,1.000000,0.000000,1.000000,0.000000,1.000000)
(444.500000,516.500000,1.000000,0.000000,0.000000,0.000000,0.000000)
(416.500000,476.500000,1.000000,0.000000,0.000000,1.000000,1.000000)
(795.500000,295.500000,1.000000,-37.585420,-0.000000,0.463641,1.000000)
(600.675198,482.285220,1.000000,-37.585420,-0.000000,1.000000,1.000000)
(270.204224,256.149921,1.000000,0.000000,0.000000,inf,1.000000)
(844.500000,273.500000,1.000000,0.000000,0.000000,0.000000,0.000000)
(567.016588,519.954838,1.000000,0.000000,0.000000,0.000000,0.000000)
(108.491825,214.057361,1.000000,0.000000,0.000000,0.000000,0.000000)
(417.042559,341.187106,1.000000,-0.031510,0.978889,1.000000,1.000000)
(597.810860,351.947895,1.000000,-1.164087,0.949367,1.000000,1.000000)
(778.217268,-44.710465,1.000000,-1.164087,0.949367,0.381244,1.000000)
(279.779841,-119.992949,1.000000,-0.031510,0.978889,0.643946,1.000000)
num of lines: 9
x: 1 2
x: 3 4
x: 5 6
y: 7 8
y: 9 10
y: 11 12
z: 13 14
z: 15 16
z: 17 18
num of polygons: 7
Table Square.0
4: 22 24 23 25
1.000000 0.000000 0.000000 
0.000000 1.000000 0.000000 
0.000000 0.000000 1.000000 

Table Square2
4: 20 27 26 28
1.000000 0.000000 0.000000 
0.000000 1.000000 0.000000 
0.000000 0.000000 1.000000 

Table Square.1
4: 30 29 32 31
1.000000 0.000000 0.000000 
0.000000 1.000000 0.000000 
0.000000 0.000000 1.000000 

Table Square.2
4: 29 22 25 32
1.000000 0.000000 0.000000 
0.000000 1.000000 0.000000 
0.000000 0.000000 1.000000 

Table Square.3
4: 24 30 31 23
1.000000 0.000000 0.000000 
0.000000 1.000000 0.000000 
0.000000 0.000000 1.000000 

Table Square.4
4: 29 30 24 22
1.000000 0.000000 0.000000 
0.000000 1.000000 0.000000 
0.000000 0.000000 1.000000 

Table Square.5
4: 25 23 31 32
1.000000 0.000000 0.000000 
0.000000 1.000000 0.000000 
0.000000 0.000000 1.000000 

num of boxes: 1
 1 3 4 5 6 7
0
